111
5545
3919
3366
8054
8721
418
8081
9937
7082
9317
1778
1054
2088
1439
4379
6075
4074
1299
374
8591
5772
6352
6327
2197
335
4589
6512
7492
4157
9192
9328
2183
6264
1961
3450
5207
9586
1575
3708
8690
6312
1743
6454
1133
470
6318
1811
4564
9438
439
925
1450
2230
5239
4339
9193
1239
4816
7719
7779
3906
4236
5780
1537
3636
3242
8437
3774
7989
9172
136
6146
1238
1684
5926
7676
3545
5194
1727
4017
6425
1948
1701
7365
8267
7878
9953
4672
7622
4257
7615
8417
3856
5929
8431
2076
5963
8564
1144
875
1528
8037
222
266
3950
8426
3859
546
9313
6663
9295
6045
3089
7349
5001
1958
6182
2062
3270
5758
3289
3765
6152
3732
1557
1719
2290
5309
6900
3850
1713
8628
7697
4499
2489
8388
5373
1435
3415
3488
7666
3054
5359
959
8609
1570
8975
154
4575
6473
9541
7548
5294
5386
1233
1410
1885
6490
8709
5878
6136
2197
3646
9110
8597
667
1995
2237
4860
6613
232
4747
8647
9782
1739
235
8406
5193
5123
3634
6391
2136
734
4074
4309
4165
3334
2311
3266
4726
150
2530
2726
1184
999
9116
3055
9896
6009
1589
3222
6738
8941
7962
9888
8441
2548
9159
7294
998
3004
6692
1367
8722
9487
4000
1463
9572
8448
4432
7333
3331
8971
134
110
7702
2021
1110
2430
6270
827
2157
2831
7181
4059
9653
6842
6419
7833
5868
5264
7822
5017
2268
5369
3458
1163
7651
1697
6999
1300
3483
5095
5224
4256
9891
1414
2454
1499
2186
6420
1438
376
4671
3818
847
7508
7833
8310
9834
805
5044
5386
2580
9168
3158
8314
6703
8412
299
186
8017
9413
5431
8617
991
709
7607
2925
4168
1886
4388
8567
5647
9448
7473
7446
3993
2097
4522
9597
6977
9341
5510
6194
6256
8097
2515
9703
4745
5224
4711
7689
1200
5647
2050
5672
4945
9701
2827
3785
9901
4908
7789
7948
6417
12
2327
7184
3092
9208
8342
8116
7783
9248
1740
947
1507
8231
7553
6209
2479
8780
7672
2276
3230
3844
5693
3300
870
2061
4659
4108
3551
4249
9417
7634
4087
5927
1184
2880
3448
3557
9380
753
6208
8536
4186
4307
662
6402
3603
175
3327
1608
3582
3751
662
8261
3300
5473
7190
9027
6314
1031
8196
4234
8212
7181
3478
7753
507
9227
694
4673
2761
2569
9400
6919
9715
8341
9658
1386
6285
8115
8458
8131
781
5590
667
9313
619
5826
2627
5711
5690
4421
890
8349
6204
1974
3971
652
4476
2909
5895
8023
3128
8654
8847
4660
4351
3743
8546
8606
5815
9451
6389
8199
6220
3712
3453
2622
6514
4165
781
4681
6600
4983
2630
8340
5326
1051
4362
7741
8017
2653
557
3376
2220
435
8650
2127
6743
9654
4962
6876
927
4021
9896
9886
1679
2691
5776
6139
2168
1349
7785
311
2128
4861
1423
8145
9671
507
9334
6947
3028
805
589
6809
2541
3013
5979
5785
5062
1326
9526
6860
2850
7552
7401
2579
5087
6391
308
2635
5275
1870
9220
315
111
5545
3919
3366
8054
8721
418
8081
9937
7082
9317
1778
1054
2088
1439
4379
6075
4074
1299
374
8591
5772
6352
6327
2197
335
4589
6512
7492
4157
9192
9328
2183
6264
1961
3450
5207
9586
1575
3708
8690
6312
1743
6454
1133
470
6318
1811
4564
9438
439
925
1450
2230
5239
4339
9193
1239
4816
7719
7779
3906
4236
5780
1537
3636
3242
8437
3774
7989
9172
136
6146
1238
1684
5926
7676
3545
5194
1727
4017
6425
1948
1701
7365
8267
7878
9953
4672
7622
4257
7615
8417
3856
5929
8431
2076
5963
8564
1144
875
1528
8037
222
266
3950
8426
3859
546
9313
6663
9295
6045
3089
7349
5001
1958
6182
2062
3270
5758
3289
3765
6152
3732
1557
1719
2290
5309
6900
3850
1713
8628
7697
4499
2489
8388
5373
1435
3415
3488
7666
3054
5359
959
8609
1570
8975
154
4575
6473
9541
7548
5294
5386
1233
1410
1885
6490
8709
5878
6136
2197
3646
9110
8597
667
1995
2237
4860
6613
232
4747
8647
9782
1739
235
8406
5193
5123
3634
6391
2136
734
4074
4309
4165
3334
2311
3266
4726
150
2530
2726
1184
999
9116
3055
9896
6009
1589
3222
6738
8941
7962
9888
8441
2548
9159
7294
998
3004
6692
1367
8722
9487
4000
1463
9572
8448
4432
7333
3331
8971
134
110
7702
2021
1110
2430
6270
827
2157
2831
7181
4059
9653
6842
6419
7833
5868
5264
7822
5017
2268
5369
3458
1163
7651
1697
6999
1300
3483
5095
5224
4256
9891
1414
2454
1499
2186
6420
1438
376
4671
3818
847
7508
7833
8310
9834
805
5044
5386
2580
9168
3158
8314
6703
8412
299
186
8017
9413
5431
8617
991
709
7607
2925
4168
1886
4388
8567
5647
9448
7473
7446
3993
2097
4522
9597
6977
9341
5510
6194
6256
8097
2515
9703
4745
5224
4711
7689
1200
5647
2050
5672
4945
9701
2827
3785
9901
4908
7789
7948
6417
12
2327
7184
3092
9208
8342
8116
7783
9248
1740
947
1507
8231
7553
6209
2479
8780
7672
2276
3230
3844
5693
3300
870
2061
4659
4108
3551
4249
9417
7634
4087
5927
1184
2880
3448
3557
9380
753
6208
8536
4186
4307
662
6402
3603
175
3327
1608
3582
3751
662
8261
3300
5473
7190
9027
6314
1031
8196
4234
8212
7181
3478
7753
507
9227
694
4673
2761
2569
9400
6919
9715
8341
9658
1386
6285
8115
8458
8131
781
5590
667
9313
619
5826
2627
5711
5690
4421
890
8349
6204
1974
3971
652
4476
2909
5895
8023
3128
8654
8847
4660
4351
3743
8546
8606
5815
9451
6389
8199
6220
3712
3453
2622
6514
4165
781
4681
6600
4983
2630
8340
5326
1051
4362
7741
8017
2653
557
3376
2220
435
8650
2127
6743
9654
4962
6876
927
4021
9896
9886
1679
2691
5776
6139
2168
1349
7785
311
2128
4861
1423
8145
9671
507
9334
6947
